50 50 71
50 50 112
50 50 155
50 50 184
50 50 245
50 56 219
50 70 173
50 71 202
50 76 215
50 89 184
50 91 95
50 92 123
50 94 217
50 94 234
50 101 241
50 114 144
50 123 58
50 127 195
50 141 114
50 143 97
50 148 118
50 159 89
50 168 136
50 174 51
50 209 53
50 222 75
50 228 202
50 232 56
50 241 74
50 243 179
51 68 190
51 115 164
51 160 154
51 187 226
51 209 55
52 162 132
52 171 52
52 196 209
52 211 138
52 224 107
52 237 73
53 197 202
54 96 127
54 201 217
54 236 99
54 246 64
55 60 220
55 145 143
56 228 227
57 166 178
57 208 199
57 223 243
59 203 238
59 239 107
60 248 61
61 212 236
62 112 100
62 197 237
64 159 192
64 208 198
66 85 60
66 87 71
66 89 94
66 110 207
66 111 202
66 198 135
66 226 132
67 52 121
67 108 81
67 114 207
67 158 100
67 166 151
67 198 122
68 54 147
68 66 204
68 113 211
68 117 142
68 171 50
68 201 201
68 230 99
68 246 167
69 111 81
69 154 107
69 158 232
69 186 211
69 206 124
69 220 109
69 230 58
70 97 160
70 132 200
70 173 243
70 184 174
70 185 228
70 207 65
71 111 82
71 175 101
71 186 77
71 192 240
71 204 197
71 243 123
71 245 185
72 83 202
72 120 216
72 183 73
72 233 129
73 67 225
73 83 220
73 85 218
73 131 198
73 174 53
73 177 184
74 66 237
74 85 219
74 154 52
74 172 63
75 122 176
75 189 79
75 242 188
76 113 210
76 245 62
77 94 167
78 172 227
78 188 70
79 118 99
79 184 73
80 210 202
81 113 97
81 187 68
81 192 227
82 52 87
82 79 110
82 83 115
82 180 236
83 101 84
83 115 201
83 123 183
83 125 194
83 190 248
84 55 126
84 58 148
84 187 138
85 80 232
85 121 179
85 145 167
85 176 225
85 223 105
85 238 219
86 117 51
86 124 177
86 155 105
86 193 133
86 198 176
86 206 50
87 111 136
87 158 107
88 65 209
88 86 237
88 152 107
88 157 105
88 224 108
89 107 226
89 122 191
89 242 60
90 69 212
90 118 200
90 137 191
90 187 50
91 61 189
91 61 218
91 77 164
91 87 213
91 111 137
91 134 234
91 158 233
91 220 74
92 52 172
92 61 240
92 84 165
92 95 150
92 179 117
93 84 169
93 144 170
94 100 164
94 168 52
94 210 80
95 50 182
95 142 166
95 192 204
95 227 79
95 237 77
96 112 245
96 166 50
96 195 206
96 222 57
97 131 232
97 166 51
97 168 51
98 73 158
98 119 163
98 128 233
99 81 179
99 124 70
99 188 50
99 242 51
100 51 96
100 81 98
100 167 51
100 207 180
101 162 181
101 165 172
102 50 53
102 71 159
102 97 52
102 116 53
102 222 178
102 239 238
103 136 90
103 136 90
103 146 177
103 153 96
103 215 186
104 69 123
104 129 50
104 139 76
104 218 142
104 218 160
105 79 157
105 131 86
105 168 111
105 177 146
105 186 141
105 231 110
106 78 159
106 137 89
106 230 158
107 137 187
107 188 115
107 220 80
107 222 154
108 54 199
108 79 162
108 184 182
108 206 55
108 219 220
109 73 142
109 96 196
109 172 123
109 175 163
109 205 54
110 77 178
110 92 205
110 102 202
110 150 51
110 166 164
110 202 63
111 129 144
111 148 244
111 152 139
111 154 210
111 178 166
111 204 64
111 236 180
112 98 177
112 111 131
112 112 131
112 112 135
112 136 195
112 159 155
112 168 230
112 186 91
112 228 77
113 50 234
113 56 176
113 72 160
113 140 147
113 204 61
113 240 82
114 74 174
114 160 70
114 224 57
114 225 130
115 72 176
115 88 149
115 107 230
115 127 210
115 146 192
115 180 72
115 180 166
115 208 165
115 210 211
116 54 156
116 91 159
116 114 92
116 182 73
116 183 158
116 204 55
116 239 53
117 119 237
117 132 208
118 70 94
118 90 97
118 106 142
118 190 160
118 227 149
119 53 230
119 75 162
119 164 231
119 181 164
120 71 90
120 112 136
120 117 241
121 106 231
121 147 235
121 236 55
122 54 130
122 97 52
122 137 90
122 141 143
122 152 191
123 164 165
123 224 144
124 97 51
124 129 146
124 163 97
125 96 230
125 98 223
125 180 124
125 244 144
126 73 129
126 97 131
126 149 54
126 235 164
127 114 50
127 157 101
127 179 124
127 243 50
128 57 218
128 73 217
128 79 231
128 86 243
128 147 145
128 153 165
128 166 162
129 68 191
129 148 154
129 211 77
129 229 89
130 69 171
130 123 147
130 134 200
130 155 178
130 179 165
130 189 212
130 245 225
131 125 212
131 133 248
131 145 209
131 200 53
131 225 54
132 90 180
132 110 77
132 161 169
132 168 203
132 173 198
132 191 56
132 230 166
133 136 77
133 139 230
133 176 165
133 206 212
133 238 206
134 82 108
134 109 197
134 111 161
134 166 161
134 167 188
134 198 52
134 220 57
135 92 73
135 198 55
135 217 60
136 61 164
136 74 234
136 151 105
136 163 99
136 185 164
136 189 121
136 219 203
137 72 161
137 136 227
137 141 221
137 152 115
137 159 183
137 165 246
137 193 167
138 61 156
138 105 152
138 154 172
138 179 201
138 222 211
139 53 52
139 128 227
139 167 145
139 178 148
139 193 165
139 194 133
139 194 147
139 216 211
140 53 51
140 163 81
140 170 75
140 178 161
140 193 125
141 72 240
141 145 185
141 148 203
141 156 175
141 159 242
141 168 162
141 176 158
141 184 51
141 184 166
141 198 135
142 84 154
142 185 92
143 166 184
143 173 187
143 174 204
144 75 218
144 105 160
144 178 163
145 75 229
145 92 226
145 177 188
145 191 135
145 207 81
145 218 185
146 56 195
146 113 159
146 117 216
146 126 201
147 139 94
147 180 50
148 56 109
148 121 162
149 150 115
149 179 54
149 189 53
150 81 170
150 111 196
152 56 183
152 81 108
152 100 176
152 169 183
152 202 51
153 53 236
153 68 234
153 72 228
153 83 221
153 115 129
153 169 190
153 205 69
154 115 151
154 126 197
154 138 109
154 163 191
154 217 62
154 231 114
155 57 196
155 121 88
156 127 196
156 158 96
156 159 106
156 205 229
157 52 158
157 80 96
157 121 191
157 149 113
157 195 139
158 136 225
158 145 113
158 176 195
158 193 117
158 196 151
159 143 201
159 236 57
160 147 102
160 177 238
161 125 231
161 137 196
161 151 112
161 162 82
162 54 185
162 151 106
162 166 132
162 190 218
162 195 226
163 58 211
163 136 230
163 139 114
163 155 113
163 169 50
163 172 189
163 191 56
163 245 157
164 57 241
164 121 153
164 130 235
164 170 62
164 189 50
164 216 178
165 54 193
165 57 199
165 109 212
165 119 155
165 186 52
166 74 237
166 96 159
166 188 213
166 224 246
166 225 245
167 59 207
167 127 214
167 179 97
168 55 114
168 58 108
168 75 118
168 160 185
169 150 194
169 186 54
170 52 187
170 138 212
170 142 71
170 143 226
170 154 122
170 156 112
170 228 112
171 116 122
171 164 77
172 75 221
172 103 225
172 128 106
172 139 90
172 143 232
172 219 121
173 118 135
173 140 95
173 155 79
174 98 112
174 138 98
175 115 103
175 137 232
175 201 77
175 207 121
176 77 82
176 134 94
176 154 123
176 206 232
177 51 72
177 132 189
177 227 210
178 133 94
178 184 72
178 224 124
179 154 112
179 156 112
179 189 145
180 100 77
180 220 228
181 123 147
181 129 224
181 243 105
183 165 122
183 166 183
183 177 96
183 186 52
184 88 54
184 205 208
185 55 121
185 62 187
185 94 232
185 141 157
185 154 161
185 186 65
185 232 113
186 228 112
187 54 123
187 98 195
187 136 140
187 154 140
187 182 92
187 193 52
188 93 212
188 94 237
188 104 201
189 130 165
190 159 204
190 206 212
191 87 119
191 95 229
191 97 230
192 187 59
193 136 76
193 167 106
193 192 95
193 227 107
194 88 92
194 145 53
195 87 85
195 132 186
195 156 118
195 177 80
195 179 145
195 241 164
196 158 135
196 172 94
196 195 139
196 201 86
197 112 69
197 184 126
197 194 116
197 232 50
198 177 158
198 184 157
199 80 186
199 167 52
199 190 105
199 195 133
200 91 232
200 112 68
200 119 198
200 139 187
200 161 223
200 182 91
200 183 215
200 188 123
200 203 163
200 228 201
200 235 111
200 244 75
201 53 171
201 100 52
201 176 50
201 195 50
202 66 184
202 66 190
202 132 197
202 199 53
203 50 166
203 72 230
203 175 54
204 53 98
204 129 96
204 164 105
204 204 232
205 151 138
205 171 141
206 76 184
206 118 185
206 163 51
206 185 97
207 78 180
207 100 223
208 76 160
208 121 187
208 151 197
209 109 130
209 200 63
210 160 192
210 211 59
211 85 136
211 87 129
211 176 206
212 75 134
212 91 124
212 162 115
212 195 96
213 53 227
213 79 140
213 137 83
213 137 87
213 161 114
213 203 53
214 156 76
214 157 110
214 227 50
215 113 104
215 195 53
215 219 167
216 186 53
216 191 54
216 230 96
217 94 121
218 57 184
218 103 152
218 109 166
218 130 80
218 153 87
220 78 184
221 52 85
221 235 103
222 72 211
222 119 183
222 149 188
222 151 98
223 191 101
223 231 58
224 82 230
224 115 85
224 159 119
224 235 97
225 86 52
225 89 59
225 90 209
225 167 101
226 151 141
226 176 98
226 216 57
228 70 101
228 118 182
228 164 134
228 212 90
229 77 189
230 51 134
230 52 225
230 71 206
230 138 76
230 153 175
230 170 103
231 77 200
231 82 218
231 154 114
232 51 60
232 74 200
232 140 121
233 76 209
233 76 217
233 78 190
233 163 99
233 168 133
233 174 186
233 195 247
233 209 52
234 137 55
235 67 55
235 108 64
235 135 50
235 175 77
235 180 227
237 69 69
237 73 201
237 75 206
237 171 109
237 237 56
238 166 56
239 50 193
239 192 56
240 106 111
240 179 120
241 88 69
241 114 103
241 178 124
242 134 57
242 157 60
242 195 151
243 234 50
244 73 93
245 168 64
245 200 120
247 67 200
247 84 131
248 235 69
